0100110000110000011000011000110111011110011010101010000101001001110100001100110011111110010110101101
0000001010110001010010011011011100101010000100100010011000111110111100111101110001100011011000011100
1011010010110101011101000001100110100011000010000001000010101110000010111001010011000110011010110000
0000001101010100000001111101000011011000101101100001001100110011010010011001110010101010001100100100
0100000111100110010110000011110000100000110010101010001000110101101010011100011001010110000001001011
0001001001100010100010000110011110011011101110011110110110011011100101011010000001010101001111001000
0000100010001110110111101000010011010110011110011000001000000111000101111000111110101000000111101000
0000100000111111000001101100010101011001000111100011000110001010100011100111011001010100001011000111
0110111111011011011111101000011101000111011101010010011001110100100101011111101101100010101111010111
0010011100100111101010100011100011110000100001110101011101101011111101100101000011010100000110111100
0111011100000001011010000100110110110000011010011010011011001000111000100100011010010101111001100000
0011011101100000000110101100011011110011010001111001110010011111111110100011101000110110100010001101
1100000000100111110010111100011001001110001011011100000010011101010000011101000001100011110001000010
1011100111110101001100011100111111000111001100101100110110110001101110011100110010111000011000010010
0001101011100100111111001001001101000100011110111101000111100101110011101101111100000110111010111000
0010001000011100001010000110101101111101110100001101101101010110111101001101001011011001100011110011
1011111101100001001111000011000111110110001011001010011000001110110001101111110100100101111010110101
1011111100001100000100110000111101010001001000101010101010010100111000001001110110000011111110011101
0011010011001110101110001000000010111001110101110111111101001110010011010100011110010010000010011110
1101010100001000001000010101101001101111000000111100001001100010011110111110111010000111110011101010
0101100010001011001101110001110110100010101000011101001000101001110010101010111001111001111111101010
0000111010101000001001101010101001111110101011001011101111010010111111101101000101101111010100100001
1101011000111111110101010001010101001100100011010001111001000101100011000100100010111000010101010100
1000000010011101110011101101110011100100000011011010001111100010001101001101011100101110111101110110
0010000110000011001000010011010100101101011011011111111110000011110011011100100101000011000100100001
0011010011001011111000111100101101110000011110011001100011110100101100100010001000001001110011000110
0000100111000100010111010010011011110010010111000001100011111111101000111001010100000110011100010010
1110101101001011101010011101100111000111000010100100000000000001001011011110000011101110111000010000
0010111010000111001011101101001011100110100011000101011100101011000010110101001001000000111011011010
1100111100101010001100001011001000000011000100000001110111100111101001111010001110001000100000000111
1010001110101011100001010011011000011010010100101101011111001110010001001111110000110110000111011100
1010100111100101100110110111111011110101100011001100111100011010111000110111000101100011000111101001
0110100110011000101101011110000010100101111101110011101010011000010010011101000001100001110111111111
1111101101011111111010011101110101011001011101001000101010101100100001110100011100101001100011010000
0101001011111110111001100011001001110100111110100100011111000100000001001011111100110000011010100011
1000001001110110101110100000000010101011111011011111111111010001110100100100101100010000100100001010
1011100010100101101110001111011011011001001011110110111110000011100011011101001001001011011110111100
1100011001001111111001111100000010010011001001001011101101100000111110101110011100100101111111000101
0100011100010011000000011111011101000110001101100101101111000000010100010001001110110000011001001001
1001011001001100010111111100001000101110101100011001001010101000101110111011000000100101111010011111
0000000011000111001010001110111011101001001100101100110011000100010110101011110000011110000110110001
1011011101101010101010010000001110111111010010010101000101011001000011011011010100001000000011001010
1111101111101010010100000011011110001100110101010010000111100111111011100110110001101111110110000100
0110100111000111111111000110000111011011111000011101101111001100100000101000000110000111011111001101
0100011011010011100111000000111101110000000011101011110010011110010100011111101101111001011101000000
1010110110111101011010011000111100101011010010100000110000000111110011111000000100000001000011011011
1111010101100010111101101000101110011011000011101111100111111100110110110000111011111100100000010111
1011000110101101111011110110100111111111000110100110001010101111000011110100100001110001100111101000
0011100111001110001001100011010101001100001011101111100000000010100001011111011000010110001001100101
0101010100100010011010001111110110111000010010001101001011010101001111111001101001000011001000011010
1101011100110001001101100011101101011000010010001001100011001111000001110110110000010011001100110110
1101100101001001111100101000100001011001000111111110111111100101011101000100111101001101011101100100
1010100010101110001101110110100100100100101101110100111111100010010110100010110100011010110010010111
1010111110111000100100111111110011001011110111000101010010010100010000011011011111010011110011110001
0100110000110101101000001001001111010110111000001010011000100111100111110001000001011001110110111010
1111001001110011101011110011110010110111001011100011110100001111110001010001010001111000110111101011
0111001111110000001000110111011101110011000000010011100110110110000100100101101011001001001001001010
1100110110111101111010010000010100000011011111010001100011110111110111010001110111001101110010011010
0100111000001101110100001101100000100101000010111100111101110010011001110000011011010111111011101001
1000001100001001010100100111000100100100111101101001011000011010111001001000001000001011000110000011
1110001010001010011111011101000000000101110000010000111110000101000011010101100010001010001011000011
0011001001011111011011011111110001011111011001100000111110111101011110010101001000101010100001010000
1110100110111100001001011010111100100110001001001101000010001111100110001011111110101111000000111111
0100110000011001001011001011111111100110111111100010110101100010111001100100101110100100011010101110
0110001111110001111010111110101001101000110100011110011110001001110001110000010110101000011100110000
1011000100100101010100001000011110101010111100111100010101100100001100000100100001110111010111110000
1010110110010100010000110010001010110010100001100010011011111100000100111011111011001010111101000101
1011100110101001010010111010000100110001010100101001111101101100000101011100111111000101011000111001
0110100011100010001101111001110000011110101111001101100101110100111100010111010110001010011001000100
0111010100100001101100110011101111011001100011111010100011010010001000110111000110010000001000101111
0000000110100101011101111001010110111111110010111001010000001000011001011100100100001100110010000001
1010010001111011001001010011100000001100100100001010000101010011011001000010001111101111011011000101
0010000011111001000111011110110100110100100111111110100100110111010110010111111000011000011011101011
1010101001001010101010001111101101010111100110011101110110101001110010101000010001101000111000101010
1010100101010011101010000100000101011100000001100011000010000110101111010111000101101001111010001110
1000110111110110100100111001110101000110011000100010001100110001000000100010011010110000010001001011
1001101000100101011110001101111110001001101101100011111000001010101011011110000101000111101101011000
1100101100101111010111100100110111000001101000110100101001010001000100100111011001100101110011101101
0110100110111111111011000000000001100100110001101000001101110001110111101010110001100001101010101011
1000100011101110000111110000101000110111101100101110010101001100011101100111100111011101100000011111
0100101101101100010110001000001011011010101001000101011000011101110101010110100111111111100001111010
0010010111001110100101010010101110000111101111101101110010011110001000000111110011100000000100110001
1010101011001111110000011001011011111000110000001010100111101001101111100000101101100111101101011000
0001100010011000110001100100001001111101111101011010000001101100011110111110011000100010011110011001
0110101111111111100011100011001000010001000111011011100011111100110000010010111111011111010010101111
0010000110000000110110000011000110000101110100100011001000100001110110110011101111001110011011001101
1110000101000001000111110101000010110011111111110101111110000111001110110111110111100111010101011101
1011011001001111100000100101111011101000110010000011100100011111101100110111011001111100001101111100
1000100111010000110011011101110010100011001011100001111110010011101001110110000101001000101001110101
1001100101000001000001110110100010001110010111110011000000100101100111010011011100011110001100100001
1110001111110010100010001001001001111011011011011011001101110101011000101001001000111100010111010111
0010101100101110000010001001100110001001000001111000101000000000011000001110100110101100011010010010
1011000011101011000111010001010100101110111110111111100100001100110111101100100100111110001111001011
1000101111001101110100011000000101111000100110000010110011010110001000110101101011000000011001110111
0000111011001010011100100001001010111110001000010110001100101001001111111101010001100001010100110110
0010000001010101010001010111100110111110110000000111000010101010000100001111111000101000100001011001
0110101000100011000100011111111011010101011000100101100110101110011001111101010000010001001110000010
1000100001111001001111100101100000101010001111110000001010111000101111010000001100011110101011011101
0111000001110001101110010111101110100011101000010010010101101100001110110011001000011111001110011011
1000101101101000100000100111100101001010101110010000000111000100000100011011000101111101010000100011